12000
91000
24000
18000
991
60000
30
30
7694
308
67000
2
54000
129000
45000
45000
9840
38000
96000
27000
96000
96000
17000
36000
12000
6031
6031
2492000
3542
65000
52000
30000
2492000
2073000
2073000
2073000
52000
450000
51000
1582
29000
36000
9267
356000
9267
2073000
2073000
190000
5375
1019
8391
26
12000
44000
2492000
1167
880
2492000
27000
2492000
27000
2492000
335000
8319
1334
6962
6
264
129000
45000
45000
9840
45000
38000
96000
96000
96000
17000
36000
12000
6031
129000
45000
45000
45000
38000
96000
27000
96000
96000
17000
36000
6031
6031
697000
296
1821
60
259
1384
2492000
2366
952000
18000
456
57
392
60
24000
4649
4649
361000
361000
2804
12000
101000
329000
9
465
235
19000
58000
90000
13000
767
41000
3921
7699
63000
13000
312000
29000
8492
7137
11
1119
2109
33000
96000
1227
259
259
200
129000
96000
33000
20000
122000
123
5371
20000
41000
26000
2568
2342
2670
248000
98000
67000
517
20000
898
22000
332
17000
67000
64000
64000
37000
37000
7885
8327
404000
13000
2509000
37000
67000
129000
12000
11000
96000
96000
96000
1232
1232
1232
1232
1232
125000
96000
96000
96000
84000
13000
45000
102000
10000
43000
824
361000
7369
361000
75
67000
10000
275000
183000
4679
5294000
33000
2827
64000
17000
64000
37000
7885
13000
952
67000
2586
60000
1529
404000
117000
1899
932
5375
18000
168000
14000
2550000
1013
183000
2087
12000
8487
12000
919
8487
8487
8487
63000
253
7129
952
543000

4250
8327
952000
2550000
6466
6466
2550000
2550000
2550000
84000
33000
96000
2105
24000
300000
141000
5375
3155
96000
588
273
5125
1826
1826
7050
21000
333000
176000
62000
150000
27000
78
1090
45000
4679
5294000
33000
2827
64000
17000
64000
37000
7885
404000
13000
952
67000
129000
4679
33000
33000
2827
64000
17000
64000
37000
7885
404000
13000
953
67000
129000
21000
420
21000
37000
1
222
183000
2100
27000
2329
8487
45000
12000
12000
27
919
2075
198000
953
543000
60000
28000
2330
95000
74000
431000
451000
16000
5294000
1352000
451000
28000
419
2492000
21000
13000
28000
2027000
18000
2027000
62000
671
29000
10000
9576
1305
14000
1203
31000
851
1203
63000
12000
5294000
102000
2330
37000
118000
64000
2492000
1137
2073000
63000
7167
95000
567
986
27000
115000
22000
8716
351
27000
177000
11000
1872
58000
27000
2515
118000
4977
1478
23000
13000
2189
23000
3939
14000
35
35
952000
96000
8549
9267
9267
2492000
22000
18000
8549
11000
22000
9267
2492000
2492000
95000
17000
230
18000
285000
291000
7401
28000
1265000
1899
591
19000
28000
4550
362
285000
291000
18000
47000
4999
7401
28000
1899
591
19000
28000
110000
110000
1353
27000
1566000
12000
198000
229000
1378000
1194
300000
2132
120000
50
11
50
18000
285000
291000
28000
1265000
1899
65
591
19000
28000
110000
110000
285000
864
329
600
1058
24000
156000
145
600
768
698
35
2980
800
58000
2492000
175000
15000
2492000
175000
166000
59000
13
37
38000
697000
1272
697000
190000
2550000
41000
41000
13000
190000
1566000
12000
25000
697000
19000
9906
1676
24000
15000
2833
9906
1000000
508
54000
125000
169000
1566000
1566000
1352000
1566000
1054
1566000
27000
2109
955
177
3372
1641
190000
1062
617000
248000
312000
164000
10000
7699
10000
73000
26000
1102
62000
73000
7998
427000
30000
27000
190000
15000
14000
44000
697000
19000
15000
102000
14000
35000
39000
226
555
39000
23
168000
14000
7803
4216
35000
337000
183000
183000
8391
183000
5400
5400
26000
2492000
8391
774
183000
190000
2074000
5400
51000
11000
5748
23
14000
4116
35000
14000
35000
9072
109000
12000
300000
5748
234000
23
16000
2835
726
24000
217
73000
90000
14000
13000
3557
13000
15000
14
14
6885
2492000
7144
13000
2492000
2492000
877
27000
13000
877
99
23000
2074000
2074000
59000
2074000
2074000
2074000
2074000
2510000
164000
2492000
1440
5400
18000
69000
177000
27000
27000
27000
1913
47000
362
241000
177000
177000
2
241000
30000
64000
154000
49000
5400
2104
39000
14000
10000
110000
39000
39000
39000
39000
91000
54000
259000
39000
45000
26000
8142
289000
69000
49000
37000
15000
2492000
2074000
27000
27000
3223
126000
797000
79000
2550000
5294000
337000
337000
1253
2492000
348
46000
2714
281000
15000

126000
1253
2492000
348
46000
281000
15000
91000
2118
11000
41000
2497
7228
60000
60000
2000
13000
30000
59000
157
1208
2074000
62000
26000
39000
231000
39000
97000
2492000
2492000
427000
114000
114000
21000
2492000
39000
198
40000
27000
59000
20000
164
39000
39000
46000
27000
25000
703
45000
34000
44000
123000
198000
51000
44000
9592
123000
164000
51000
2417
5568
2417
85000
52000
85000
26000
18000
15000
52000
12000
15000
15000
5663
15000
10000
26000
12000
326
21000
81000
22000
16000
99000
15000
5977
677000
8617
11000
5977
8142
75000
23
2000
1379
427000
17000
26000
337000
12000
12000
11000
62000
102000
1277
6031
26000
17000
53000
8396
2074000
31000
37000
31000
191000
191000
5016
11000
18000
11000
21000
44000
435
285
120
712
160000
205
6
35000
666
5
68000
434000
434000
968
431
1378
812
64
90000
190000
190000
164000
164000
117000
7743
2550000
215000
13000
1401
8492
26000
3544
114000
39000
1872
76000
5094
25000
751
47000
10000
155000
643
155000
1590
140
1094
71
4901
1505
1948
84000
2550000
7654
5808
158
51000
3587
54000
504
8
781
2787
7
770
190000
190000
164000
164000
233000
117000
60000
932000
215000
1401
26000
59000
4440
79000
246
190000
19000
9286
1378000
61000
434000
1378000
3266
142
11000
9217
22000
48000
13000
27000
6031
54000
465
2065
41000
22000
51000
54000
52000
102000
24000
801
102000
102000
102000
6672
46000
3812
834000
46000
50000
12000
2463
307000
2550000
84000
30000
43000
27000
20000
1066
8235
13000
19000
1964
66000
1156
106000
190
27000
3172
7181
26000
104000
6381
52000
26000
14000
352
99000
1005000
8393
18000
3927
2210
3231
4033
528
173000
4506
4999
1418
227000
39000
2166
86
2787
30000
22000
26000
52000
2550000
98
98
4506
164000
4506
4506
26000
69
22000
196
9028
6387
209000
2027000
26000
164000
1566000
251000
85
385
15000
327
1119
130
697000
73000
90000
190000
190000
66000
164000
164000
60000
7743
2550000
215000
7187
1886
27000
131000
41000
18
32000
64
2867
4039
8
1416
2564
10000
23000
3908
1407
954
21000
18000
2564
2979
4252
3711
1245
54000
300
8087
4171
3845
1535
240000
2979
16000
5897
190000
52000
112000
169000
462000
143000
26000
1941
3085
12000
78000
8067
2243
1264
17000
232000
27000
12000
361000
24000
164000
2388
10000
164000
27000
368
1243
8142
12000
91000
24000
18000
991
60000
30
30
7694
308
67000
2
54000
129000
45000
45000
9840
38000
96000
27000
96000
96000
17000
36000
12000
6031
6031
2492000
3542
65000
52000
30000
2492000
2073000
2073000
2073000
52000
450000
51000
1582
29000
36000
9267
356000
9267
2073000
2073000
190000
5375
1019
8391
26
12000
44000
2492000
1167
880
2492000
27000
2492000
27000
2492000
335000
8319
1334
6962
6
264
129000
45000
45000
9840
45000
38000
96000
96000
96000
17000
36000
12000
6031
129000
45000
45000
45000
38000
96000
27000
96000
96000
17000
36000
6031
6031
697000
296
1821
60
259
1384
2492000
2366
952000
18000
456
57
392
60
24000
4649
4649
361000
361000
2804
12000
101000
329000
9
465
235
19000
58000
90000
13000
767
41000
3921
7699
63000
13000
312000
29000
8492
7137
11
1119
2109
33000
96000
1227
259
259
200
129000
96000
33000
20000
122000
123
5371
20000
41000
26000
2568
2342
2670
248000
98000
67000
517
20000
898
22000
332
17000
67000
64000
64000
37000
37000
7885
8327
404000
13000
2509000
37000
67000
129000
12000
11000
96000
96000
96000
1232
1232
1232
1232
1232
125000
96000
96000
96000
84000
13000
45000
102000
10000
43000
824
361000
7369
361000
75
67000
10000
275000
183000
4679
5294000
33000
2827
64000
17000
64000
37000
7885
13000
952
67000
2586
60000
1529
404000
117000
1899
932
5375
18000
168000
14000
2550000
1013
183000
2087
12000
8487
12000
919
8487
8487
8487
63000
253
7129
952
543000

4250
8327
952000
2550000
6466
6466
2550000
2550000
2550000
84000
33000
96000
2105
24000
300000
141000
5375
3155
96000
588
273
5125
1826
1826
7050
21000
333000
176000
62000
150000
27000
78
1090
45000
4679
5294000
33000
2827
64000
17000
64000
37000
7885
404000
13000
952
67000
129000
4679
33000
33000
2827
64000
17000
64000
37000
7885
404000
13000
953
67000
129000
21000
420
21000
37000
1
222
183000
2100
27000
2329
8487
45000
12000
12000
27
919
2075
198000
953
543000
60000
28000
2330
95000
74000
431000
451000
16000
5294000
1352000
451000
28000
419
2492000
21000
13000
28000
2027000
18000
2027000
62000
671
29000
10000
9576
1305
14000
1203
31000
851
1203
63000
12000
5294000
102000
2330
37000
118000
64000
2492000
1137
2073000
63000
7167
95000
567
986
27000
115000
22000
8716
351
27000
177000
11000
1872
58000
27000
2515
118000
4977
1478
23000
13000
2189
23000
3939
14000
35
35
952000
96000
8549
9267
9267
2492000
22000
18000
8549
11000
22000
9267
2492000
2492000
95000
17000
230
18000
285000
291000
7401
28000
1265000
1899
591
19000
28000
4550
362
285000
291000
18000
47000
4999
7401
28000
1899
591
19000
28000
110000
110000
1353
27000
1566000
12000
198000
229000
1378000
1194
300000
2132
120000
50
11
50
18000
285000
291000
28000
1265000
1899
65
591
19000
28000
110000
110000
285000
864
329
600
1058
24000
156000
145
600
768
698
35
2980
800
58000
2492000
175000
15000
2492000
175000
166000
59000
13
37
38000
697000
1272
697000
190000
2550000
41000
41000
13000
190000
1566000
12000
25000
697000
19000
9906
1676
24000
15000
2833
9906
1000000
508
54000
125000
169000
1566000
1566000
1352000
1566000
1054
1566000
27000
2109
955
177
3372
1641
190000
1062
617000
248000
312000
164000
10000
7699
10000
73000
26000
1102
62000
73000
7998
427000
30000
27000
190000
15000
14000
44000
697000
19000
15000
102000
14000
35000
39000
226
555
39000
23
168000
14000
7803
4216
35000
337000
183000
183000
8391
183000
5400
5400
26000
2492000
8391
774
183000
190000
2074000
5400
51000
11000
5748
23
14000
4116
35000
14000
35000
9072
109000
12000
300000
5748
234000
23
16000
2835
726
24000
217
73000
90000
14000
13000
3557
13000
15000
14
14
6885
2492000
7144
13000
2492000
2492000
877
27000
13000
877
99
23000
2074000
2074000
59000
2074000
2074000
2074000
2074000
2510000
164000
2492000
1440
5400
18000
69000
177000
27000
27000
27000
1913
47000
362
241000
177000
177000
2
241000
30000
64000
154000
49000
5400
2104
39000
14000
10000
110000
39000
39000
39000
39000
91000
54000
259000
39000
45000
26000
8142
289000
69000
49000
37000
15000
2492000
2074000
27000
27000
3223
126000
797000
79000
2550000
5294000
337000
337000
1253
2492000
348
46000
2714
281000
15000

126000
1253
2492000
348
46000
281000
15000
91000
2118
11000
41000
2497
7228
60000
60000
2000
13000
30000
59000
157
1208
2074000
62000
26000
39000
231000
39000
97000
2492000
2492000
427000
114000
114000
21000
2492000
39000
198
40000
27000
59000
20000
164
39000
39000
46000
27000
25000
703
45000
34000
44000
123000
198000
51000
44000
9592
123000
164000
51000
2417
5568
2417
85000
52000
85000
26000
18000
15000
52000
12000
15000
15000
5663
15000
10000
26000
12000
326
21000
81000
22000
16000
99000
15000
5977
677000
8617
11000
5977
8142
75000
23
2000
1379
427000
17000
26000
337000
12000
12000
11000
62000
102000
1277
6031
26000
17000
53000
8396
2074000
31000
37000
31000
191000
191000
5016
11000
18000
11000
21000
44000
435
285
120
712
160000
205
6
35000
666
5
68000
434000
434000
968
431
1378
812
64
90000
190000
190000
164000
164000
117000
7743
2550000
215000
13000
1401
8492
26000
3544
114000
39000
1872
76000
5094
25000
751
47000
10000
155000
643
155000
1590
140
1094
71
4901
1505
1948
84000
2550000
7654
5808
158
51000
3587
54000
504
8
781
2787
7
770
190000
190000
164000
164000
233000
117000
60000
932000
215000
1401
26000
59000
4440
79000
246
190000
19000
9286
1378000
61000
434000
1378000
3266
142
11000
9217
22000
48000
13000
27000
6031
54000
465
2065
41000
22000
51000
54000
52000
102000
24000
801
102000
102000
102000
6672
46000
3812
834000
46000
50000
12000
2463
307000
2550000
84000
30000
43000
27000
20000
1066
8235
13000
19000
1964
66000
1156
106000
190
27000
3172
7181
26000
104000
6381
52000
26000
14000
352
99000
1005000
8393
18000
3927
2210
3231
4033
528
173000
4506
4999
1418
227000
39000
2166
86
2787
30000
22000
26000
52000
2550000
98
98
4506
164000
4506
4506
26000
69
22000
196
9028
6387
209000
2027000
26000
164000
1566000
251000
85
385
15000
327
1119
130
697000
73000
90000
190000
190000
66000
164000
164000
60000
7743
2550000
215000
7187
1886
27000
131000
41000
18
32000
64
2867
4039
8
1416
2564
10000
23000
3908
1407
954
21000
18000
2564
2979
4252
3711
1245
54000
300
8087
4171
3845
1535
240000
2979
16000
5897
190000
52000
112000
169000
462000
143000
26000
1941
3085
12000
78000
8067
2243
1264
17000
232000
27000
12000
361000
24000
164000
2388
10000
164000
27000
368
1243
8142
